File: C:\Documents and Settings\darwin\Escritorio\Desktop\Jaime\R2C_pigeons\raw_data\p1s10.txt


Start Date: 05/13/19
End Date: 05/13/19
Subject: p1
Experiment: iarv
Group: perm6
Box: 10
Start Time: 10:45:13
End Time: 11:27:59
MSN: R2C_pigeons
A:      30.000
G:       0.000
I:       1.000
J:      56.000
L:       0.000
N:       0.000
P:     191.000
Q:       0.000
R:       0.000
S:       0.000
T:       0.000
U:       0.000
V:       0.000
W:       0.000
X:    1000.000
Y:       0.000
Z:       0.000
B:
     0:        1.000        1.000        1.000        1.000        0.000
     5:        0.000        1.000        1.000        1.000        0.000
    10:        1.000        1.000        1.000        0.000        0.000
    15:        0.000        1.000        1.000        0.000        0.000
    20:        0.000        1.000        1.000        0.000        0.000
    25:        1.000        1.000        0.000        0.000        0.000
    30:        1.000        0.000        0.000        0.000        1.000
    35:        1.000        0.000        1.000        1.000        1.000
    40:        0.000        1.000        0.000        1.000        0.000
    45:        0.000        0.000        1.000        1.000        1.000
    50:        0.000        0.000        0.000        1.000        0.000
    55:        1.000
C:
     0:        0.000        0.500       11.100       12.100       13.100
     5:       19.100       21.100       25.100       29.100       30.100
    10:       31.100       32.100       38.100       39.100       43.100
    15:       48.100       49.100       52.100       53.100       54.100
    20:       57.100       58.100       59.100       66.100       71.100
    25:       72.100       75.100       76.100       81.100       82.100
    30:       88.100       95.100      103.100      104.100      108.100
    35:      110.100      111.100      117.100      118.100      121.100
    40:      122.100      123.100      126.100      127.100      137.100
    45:      138.100      147.100      148.100      149.100      153.100
    50:      154.100      157.100      158.100      159.100      160.100
    55:      161.100      166.100      167.100      168.100      169.100
    60:      173.100      174.100      175.100      180.100      181.100
    65:      183.100      184.100      186.100      190.100      191.100
    70:      192.100      193.100      194.100      201.100      205.100
    75:      206.100      207.100      210.100      211.100      212.100
    80:      213.100      217.100      223.100      224.100      228.100
    85:      229.100      232.100      233.100      237.100      238.100
    90:      241.100      242.100      243.100      244.100      250.100
    95:      251.100      254.100      255.100      258.100      259.100
   100:      266.100      267.100      273.100      274.100      275.100
   105:      278.100      293.100      297.100      298.100      302.100
   110:      303.100      311.100      312.100      314.100      315.100
   115:      321.100      326.100      327.100      329.100      330.100
   120:      335.100      336.100      341.100      341.200      381.300
   125:      681.500      694.100      697.100      698.100      702.100
   130:      705.100      706.100      710.100      719.100      720.100
   135:      726.100      730.100      736.100      737.100      744.100
   140:      748.100      753.100      753.200      754.100      793.300
   145:     1093.500     1125.100     1126.100     1137.100     1140.100
   150:     1141.100     1144.100     1145.100     1147.100     1148.100
   155:     1149.100     1152.100     1153.100     1156.100     1157.100
   160:     1158.100     1161.100     1162.100     1163.100     1165.100
   165:     1166.100     1171.100     1172.100     1176.100     1177.100
   170:     1181.100     1182.100     1186.100     1187.100     1191.100
   175:     1192.100     1198.100     1199.100     1202.100     1203.100
   180:     1204.100     1208.100     1209.100     1213.100     1214.100
   185:     1217.100     1218.100     1221.100     1222.100     1231.100
   190:     1239.100     1239.200     1240.100     1241.100     1279.300
   195:     1579.500     1605.100     1605.200     1645.300     1945.510
   200:     1976.110     1977.110     1982.110     1983.110     1986.110
   205:     1987.110     1988.110     1991.110     1995.110     1996.110
   210:     1997.110     2002.110     2003.110     2005.110     2006.110
   215:     2007.110     2008.110     2011.110     2012.110     2013.110
   220:     2018.110     2019.110     2020.110     2021.110     2025.110
   225:     2026.110     2027.110     2028.110     2032.110     2033.110
   230:     2036.110     2037.110     2038.110     2042.110     2043.110
   235:     2044.110     2047.110     2048.110     2050.110     2054.110
   240:     2055.110     2058.110     2059.110     2060.110     2061.110
   245:     2065.110     2066.110     2066.210     2067.110     2106.310
   250:     2406.510     2411.110     2411.210     2412.110     2451.310
   255:     2751.500     2760.100     2764.100     2769.100     2770.100
   260:     2773.100     2774.100     2775.100     2778.100     2779.100
   265:     2783.100     2786.100     2797.100     2801.100     2802.100
   270:     2807.100     2808.100     2809.100     2812.100     2813.100
   275:     2814.100     2817.100     2818.100     2819.100     2823.100
   280:     2830.100     2835.100     2836.100     2837.100     2841.100
   285:     2842.100     2846.100     2847.100     2848.100     2851.100
   290:     2852.100     2858.100     2863.100     2864.100     2865.100
   295:     2868.100     2869.100     2878.100     2882.100     2883.100
   300:     2884.100     2892.100     2893.100     2897.100     2898.100
   305:     2902.100     2903.100     2907.100     2908.100     2909.100
   310:     2914.100     2915.100     2916.100     2920.100     2925.100
   315:     2926.100     2931.100     2932.100     2933.100     2934.100
   320:     2939.100     2940.100     2941.100     2944.100     2945.100
   325:     2950.100     2951.100     2952.100     2952.200     2992.300
   330:     3292.500     3299.100     3301.100     3304.100     3305.100
   335:     3310.100     3313.100     3314.100     3324.100     3325.100
   340:     3329.100     3330.100     3338.100     3339.100     3343.100
   345:     3351.100     3352.100     3356.100     3357.100     3366.100
   350:     3367.100     3371.100     3374.100     3375.100     3376.100
   355:     3377.100     3381.100     3382.100     3385.100     3386.100
   360:     3395.100     3396.100     3397.100     3400.100     3401.100
   365:     3405.100     3406.100     3407.100     3411.100     3412.100
   370:     3418.100     3419.100     3420.100     3422.100     3431.100
   375:     3432.100     3435.100     3436.100     3437.100     3440.100
   380:     3441.100     3442.100     3445.100     3446.100     3447.100
   385:     3451.100     3455.100     3455.200     3456.100     3495.300
   390:     3795.500     3803.100     3804.100     3807.100     3812.100
   395:     3813.100     3817.100     3818.100     3819.100     3821.100
   400:     3822.100     3829.100     3830.100     3831.100     3835.100
   405:     3836.100     3837.100     3840.100     3841.100     3842.100
   410:     3843.100     3847.100     3851.100     3852.100     3858.100
   415:     3859.100     3865.100     3866.100     3867.100     3870.100
   420:     3871.100     3872.100     3873.100     3879.100     3880.100
   425:     3885.100     3886.100     3887.100     3891.100     3895.100
   430:     3896.100     3896.200     3897.100     3936.300     4236.510
   435:     4241.110     4242.110     4246.110     4249.110     4250.110
   440:     4251.110     4252.110     4255.110     4257.110     4259.110
   445:     4262.110     4263.110     4264.110     4266.110     4269.110
   450:     4273.110     4274.110     4275.110     4279.110     4280.110
   455:     4281.110     4282.110     4285.110     4286.110     4290.110
   460:     4295.110     4296.110     4297.110     4301.110     4302.110
   465:     4303.110     4306.110     4307.110     4308.110     4313.110
   470:     4314.110     4315.110     4319.110     4324.110     4325.110
   475:     4326.110     4331.110     4332.110     4333.110     4336.110
   480:     4337.110     4342.110     4343.110     4344.110     4348.110
   485:     4349.110     4350.110     4355.110     4356.110     4359.110
   490:     4360.110     4364.110     4364.210     4365.110     4404.310
   495:     4704.500     4713.100     4714.100     4719.100     4720.100
   500:     4722.100     4726.100     4727.100     4729.100     4732.100
   505:     4737.100     4738.100     4744.100     4745.100     4750.100
   510:     4751.100     4752.100     4755.100     4756.100     4760.100
   515:     4761.100     4766.100     4767.100     4769.100     4776.100
   520:     4777.100     4782.100     4783.100     4788.100     4789.100
   525:     4794.100     4795.100     4799.100     4800.100     4801.100
   530:     4810.100     4812.100     4820.100     4821.100     4824.100
   535:     4825.100     4836.100     4837.100     4840.100     4841.100
   540:     4842.100     4846.100     4852.100     4853.100     4859.100
   545:     4859.200     4899.300     5199.500     5213.100     5213.200
   550:     5253.300     5553.500     5559.100     5560.100     5565.100
   555:     5565.200     5605.300     5905.510     5915.110     5915.210
   560:     5955.310     6255.510     6262.110     6264.110     6265.110
   565:     6265.210     6305.310     6605.510     6612.110     6613.110
   570:     6613.210     6614.110     6653.310     6953.500     6960.100
   575:     6967.100     6972.100     6973.100     6976.100     6977.100
   580:     6978.100     6981.100     6983.100     6988.100     6989.100
   585:     6993.100     6994.100     6997.100     6998.100     7003.100
   590:     7007.100     7008.100     7014.100     7015.100     7018.100
   595:     7019.100     7022.100     7023.100     7027.100     7032.100
   600:     7033.100     7038.100     7039.100     7043.100     7049.100
   605:     7050.100     7054.100     7057.100     7058.100     7063.100
   610:     7067.100     7068.100     7072.100     7073.100     7077.100
   615:     7078.100     7079.100     7083.100     7089.100     7089.200
   620:     7090.100     7129.300     7429.500     7438.100     7441.100
   625:     7442.100     7444.100     7445.100     7447.100     7450.100
   630:     7455.100     7462.100     7463.100     7467.100     7472.100
   635:     7473.100     7476.100     7477.100     7478.100     7482.100
   640:     7483.100     7484.100     7487.100     7488.100     7492.100
   645:     7492.200     7532.300     7832.510     7838.110     7842.110
   650:     7843.110     7846.110     7847.110     7848.110     7850.110
   655:     7853.110     7854.110     7855.110     7858.110     7859.110
   660:     7862.110     7863.110     7864.110     7866.110     7867.110
   665:     7870.110     7871.110     7872.110     7876.110     7877.110
   670:     7882.110     7883.110     7884.110     7886.110     7888.110
   675:     7892.110     7893.110     7894.110     7895.110     7896.110
   680:     7900.110     7901.110     7902.110     7907.110     7908.110
   685:     7914.110     7915.110     7919.110     7920.110     7923.110
   690:     7924.110     7925.110     7928.110     7929.110     7929.210
   695:     7969.310     8269.510     8276.110     8281.110     8282.110
   700:     8285.110     8286.110     8287.110     8290.110     8291.110
   705:     8292.110     8298.110     8301.110     8302.110     8303.110
   710:     8304.110     8305.110     8309.110     8310.110     8312.110
   715:     8315.110     8322.110     8323.110     8325.110     8325.210
   720:     8326.110     8327.110     8365.310     8665.510     8671.110
   725:     8675.110     8676.110     8677.110     8680.110     8681.110
   730:     8682.110     8684.110     8685.110     8690.110     8696.110
   735:     8697.110     8700.110     8701.110     8707.110     8708.110
   740:     8712.110     8713.110     8714.110     8715.110     8718.110
   745:     8721.110     8722.110     8724.110     8728.110     8729.110
   750:     8735.110     8736.110     8739.110     8740.110     8741.110
   755:     8744.110     8746.110     8749.110     8750.110     8750.210
   760:     8751.110     8790.310     9090.500     9096.100     9097.100
   765:     9102.100     9107.100     9108.100     9113.100     9114.100
   770:     9117.100     9118.100     9124.100     9125.100     9133.100
   775:     9134.100     9138.100     9139.100     9142.100     9143.100
   780:     9147.100     9148.100     9149.100     9152.100     9162.100
   785:     9166.100     9171.100     9172.100     9173.100     9176.100
   790:     9177.100     9184.100     9189.100     9198.100     9199.100
   795:     9200.100     9203.100     9203.200     9204.100     9243.300
   800:     9543.500     9551.100     9552.100     9556.100     9557.100
   805:     9558.100     9562.100     9563.100     9566.100     9567.100
   810:     9570.100     9571.100     9577.100     9580.100     9581.100
   815:     9586.100     9590.100     9591.100     9594.100     9594.200
   820:     9595.100     9634.300     9934.510     9942.110     9945.110
   825:     9946.110     9947.110     9948.110     9950.110     9951.110
   830:     9952.110     9954.110     9955.110     9958.110     9959.110
   835:     9961.110     9964.110     9965.110     9971.110     9974.110
   840:     9975.110     9977.110     9978.110     9981.110     9982.110
   845:     9983.110     9986.110     9987.110     9988.110     9992.110
   850:     9993.110     9998.110     9999.110    10002.110    10003.110
   855:    10004.110    10007.110    10009.110    10009.210    10049.310
   860:    10349.510    10355.110    10356.110    10359.110    10360.110
   865:    10361.110    10363.110    10364.110    10369.110    10374.110
   870:    10375.110    10378.110    10379.110    10380.110    10381.110
   875:    10382.110    10385.110    10386.110    10387.110    10388.110
   880:    10388.210    10389.110    10428.310    10728.500    10739.100
   885:    10740.100    10745.100    10747.100    10751.100    10755.100
   890:    10760.100    10767.100    10768.100    10771.100    10772.100
   895:    10775.100    10776.100    10782.100    10783.100    10787.100
   900:    10793.100    10797.100    10798.100    10803.100    10808.100
   905:    10814.100    10818.100    10819.100    10820.100    10824.100
   910:    10828.100    10834.100    10838.100    10839.100    10840.100
   915:    10843.100    10844.100    10846.100    10847.100    10853.100
   920:    10858.100    10862.100    10867.100    10868.100    10870.100
   925:    10871.100    10876.100    10877.100    10880.100    10881.100
   930:    10890.100    10890.200    10891.100    10930.300    11230.500
   935:    11235.100    11236.100    11238.100    11244.100    11245.100
   940:    11248.100    11253.100    11254.100    11257.100    11258.100
   945:    11259.100    11264.100    11264.200    11304.300    11604.510
   950:    11610.110    11611.110    11614.110    11617.110    11618.110
   955:    11619.110    11622.110    11623.110    11625.110    11626.110
   960:    11633.110    11634.110    11637.110    11638.110    11639.110
   965:    11643.110    11644.110    11648.110    11651.110    11652.110
   970:    11658.110    11662.110    11666.110    11667.110    11668.110
   975:    11673.110    11678.110    11679.110    11685.110    11686.110
   980:    11689.110    11690.110    11696.110    11701.110    11702.110
   985:    11703.110    11706.110    11707.110    11708.110    11712.110
   990:    11713.110    11716.110    11717.110    11718.110    11721.110
   995:    11722.110    11726.110    11729.110    11729.210    11730.110
  1000:    11769.310    12069.510    12078.110    12081.110    12082.110
  1005:    12087.110    12088.110    12090.110    12093.110    12094.110
  1010:    12096.110    12102.110    12108.110    12109.110    12109.210
  1015:    12110.110    12111.110    12149.310    12449.510    12458.110
  1020:    12459.110    12463.110    12464.110    12465.110    12468.110
  1025:    12472.110    12476.110    12479.110    12480.110    12481.110
  1030:    12484.110    12485.110    12486.110    12489.110    12490.110
  1035:    12495.110    12496.110    12497.110    12501.110    12502.110
  1040:    12506.110    12507.110    12511.110    12512.110    12515.110
  1045:    12516.110    12517.110    12523.110    12524.110    12525.110
  1050:    12528.110    12528.210    12529.110    12530.110    12568.310
  1055:    12868.500    12878.100    12879.100    12883.100    12884.100
  1060:    12889.100    12897.100    12898.100    12901.100    12902.100
  1065:    12906.100    12907.100    12912.100    12913.100    12918.100
  1070:    12924.100    12925.100    12928.100    12929.100    12930.100
  1075:    12931.100    12933.100    12937.100    12942.100    12946.100
  1080:    12947.100    12948.100    12952.100    12953.100    12957.100
  1085:    12961.100    12962.100    12963.100    12965.100    12969.100
  1090:    12970.100    12974.100    12975.100    12976.100    12985.100
  1095:    12986.100    12992.100    12992.200    12993.100    12994.100
  1100:    13032.300    13332.510    13341.110    13342.110    13345.110
  1105:    13346.110    13352.110    13356.110    13357.110    13362.110
  1110:    13363.110    13367.110    13369.110    13372.110    13373.110
  1115:    13375.110    13383.110    13388.110    13392.110    13393.110
  1120:    13396.110    13397.110    13400.110    13401.110    13407.110
  1125:    13413.110    13414.110    13415.110    13418.110    13419.110
  1130:    13422.110    13423.110    13424.110    13425.110    13429.110
  1135:    13430.110    13438.110    13439.110    13445.110    13446.110
  1140:    13450.110    13451.110    13452.110    13456.110    13457.110
  1145:    13457.210    13458.110    13497.310    13797.510    13806.110
  1150:    13807.110    13810.110    13811.110    13813.110    13814.110
  1155:    13817.110    13818.110    13820.110    13823.110    13824.110
  1160:    13828.110    13829.110    13835.110    13836.110    13837.110
  1165:    13841.110    13842.110    13843.110    13846.110    13847.110
  1170:    13848.110    13850.110    13851.110    13852.110    13853.110
  1175:    13857.110    13858.110    13861.110    13862.110    13867.110
  1180:    13868.110    13869.110    13873.110    13874.110    13875.110
  1185:    13876.110    13877.110    13880.110    13881.110    13887.110
  1190:    13888.110    13891.110    13891.210    13931.310    14231.510
  1195:    14239.110    14240.110    14243.110    14244.110    14245.110
  1200:    14249.110    14250.110    14255.110    14256.110    14257.110
  1205:    14262.110    14263.110    14268.110    14269.110    14270.110
  1210:    14272.110    14278.110    14279.110    14284.110    14285.110
  1215:    14289.110    14290.110    14296.110    14297.110    14301.110
  1220:    14302.110    14306.110    14307.110    14308.110    14309.110
  1225:    14312.110    14313.110    14314.110    14315.110    14316.110
  1230:    14317.110    14320.110    14321.110    14322.110    14324.110
  1235:    14325.110    14330.110    14331.110    14332.110    14332.210
  1240:    14372.310    14672.500    14716.100    14721.100    14727.100
  1245:    14727.200    14767.300    15067.500    15075.100    15076.100
  1250:    15079.100    15080.100    15082.100    15084.100    15085.100
  1255:    15088.100    15088.200    15128.300    15428.510    15442.110
  1260:    15446.110    15447.110    15447.210    15487.310    15787.500
  1265:    15805.100    15808.100    15808.200    15809.100    15810.100
  1270:    15848.300    16148.500    16168.100    16169.100    16169.200
  1275:    16170.100    16209.300    16509.500    16528.100    16529.100
  1280:    16539.100    16548.100    16549.100    16553.100    16553.200
  1285:    16554.100    16593.300    16893.510    16909.110    16914.110
  1290:    16915.110    16915.210    16916.110    16955.310    17255.500
  1295:    17264.100    17265.100    17266.100    17270.100    17271.100
  1300:    17274.100    17277.100    17278.100    17284.100    17289.100
  1305:    17290.100    17294.100    17303.100    17304.100    17307.100
  1310:    17308.100    17313.100    17314.100    17317.100    17318.100
  1315:    17322.100    17323.100    17326.100    17327.100    17332.100
  1320:    17338.100    17344.100    17345.100    17349.100    17350.100
  1325:    17351.100    17355.100    17360.100    17361.100    17362.100
  1330:    17366.100    17366.200    17406.300    17706.510    17713.110
  1335:    17717.110    17718.110    17723.110    17724.110    17728.110
  1340:    17729.110    17734.110    17735.110    17739.110    17740.110
  1345:    17746.110    17747.110    17748.110    17753.110    17754.110
  1350:    17755.110    17760.110    17761.110    17762.110    17763.110
  1355:    17768.110    17769.110    17773.110    17774.110    17775.110
  1360:    17778.110    17779.110    17782.110    17783.110    17785.110
  1365:    17786.110    17789.110    17790.110    17795.110    17796.110
  1370:    17796.210    17836.310    18136.500    18144.100    18145.100
  1375:    18149.100    18155.100    18160.100    18164.100    18165.100
  1380:    18169.100    18172.100    18173.100    18175.100    18176.100
  1385:    18184.100    18189.100    18190.100    18194.100    18195.100
  1390:    18199.100    18200.100    18205.100    18206.100    18210.100
  1395:    18214.100    18215.100    18218.100    18219.100    18225.100
  1400:    18226.100    18227.100    18230.100    18235.100    18236.100
  1405:    18241.100    18242.100    18246.100    18253.100    18254.100
  1410:    18260.100    18261.100    18264.100    18265.100    18270.100
  1415:    18271.100    18276.100    18277.100    18279.100    18285.100
  1420:    18286.100    18289.100    18290.100    18291.100    18298.100
  1425:    18298.200    18338.300    18638.510    18647.110    18652.110
  1430:    18653.110    18657.110    18658.110    18663.110    18669.110
  1435:    18676.110    18677.110    18680.110    18681.110    18682.110
  1440:    18685.110    18686.110    18687.110    18688.110    18689.110
  1445:    18692.110    18693.110    18697.110    18702.110    18703.110
  1450:    18704.110    18705.110    18707.110    18711.110    18712.110
  1455:    18715.110    18716.110    18717.110    18718.110    18722.110
  1460:    18723.110    18726.110    18727.110    18728.110    18732.110
  1465:    18733.110    18734.110    18739.110    18741.110    18745.110
  1470:    18746.110    18747.110    18750.110    18751.110    18752.110
  1475:    18755.110    18756.110    18761.110    18762.110    18766.110
  1480:    18766.210    18767.110    18768.110    18806.310    19106.510
  1485:    19115.110    19117.110    19118.110    19122.110    19123.110
  1490:    19126.110    19127.110    19133.110    19137.110    19143.110
  1495:    19144.110    19147.110    19148.110    19151.110    19152.110
  1500:    19157.110    19158.110    19161.110    19162.110    19164.110
  1505:    19170.110    19171.110    19175.110    19176.110    19177.110
  1510:    19178.110    19182.110    19183.110    19184.110    19187.110
  1515:    19188.110    19192.110    19193.110    19196.110    19197.110
  1520:    19198.110    19199.110    19204.110    19205.110    19206.110
  1525:    19212.110    19213.110    19214.110    19218.110    19219.110
  1530:    19225.110    19226.110    19227.110    19228.110    19232.110
  1535:    19233.110    19234.110    19234.210    19235.110    19274.310
  1540:    19574.510    19583.110    19584.110    19587.110    19588.110
  1545:    19593.110    19597.110    19598.110    19603.110    19604.110
  1550:    19605.110    19610.110    19611.110    19619.110    19623.110
  1555:    19624.110    19629.110    19635.110    19636.110    19641.110
  1560:    19642.110    19644.110    19647.110    19648.110    19653.110
  1565:    19654.110    19657.110    19658.110    19659.110    19664.110
  1570:    19666.110    19667.110    19672.110    19673.110    19674.110
  1575:    19682.110    19683.110    19685.110    19686.110    19687.110
  1580:    19688.110    19689.110    19690.110    19694.110    19695.110
  1585:    19697.110    19698.110    19703.110    19704.110    19705.110
  1590:    19706.110    19710.110    19711.110    19712.110    19715.110
  1595:    19715.210    19716.110    19755.310    20055.500    20063.100
  1600:    20064.100    20067.100    20067.200    20107.300    20407.500
  1605:    20415.100    20416.100    20419.100    20420.100    20423.100
  1610:    20424.100    20427.100    20428.100    20429.100    20433.100
  1615:    20434.100    20435.100    20438.100    20439.100    20443.100
  1620:    20444.100    20445.100    20447.100    20448.100    20449.100
  1625:    20450.100    20451.100    20452.100    20453.100    20458.100
  1630:    20464.100    20466.100    20470.100    20471.100    20474.100
  1635:    20475.100    20480.100    20481.100    20486.100    20490.100
  1640:    20491.100    20498.100    20502.100    20503.100    20504.100
  1645:    20508.100    20513.100    20520.100    20521.100    20529.100
  1650:    20530.100    20534.100    20540.100    20541.100    20547.100
  1655:    20548.100    20549.100    20553.100    20557.100    20558.100
  1660:    20558.200    20598.300    20898.500    20904.100    20907.100
  1665:    20908.100    20909.100    20914.100    20920.100    20923.100
  1670:    20930.100    20936.100    20941.100    20942.100    20945.100
  1675:    20946.100    20949.100    20955.100    20959.100    20959.200
  1680:    20960.100    20999.300    21299.510    21307.110    21308.110
  1685:    21314.110    21320.110    21321.110    21325.110    21326.110
  1690:    21331.110    21332.110    21338.110    21339.110    21342.110
  1695:    21343.110    21344.110    21347.110    21348.110    21349.110
  1700:    21350.110    21351.110    21355.110    21356.110    21357.110
  1705:    21359.110    21360.110    21365.110    21366.110    21367.110
  1710:    21370.110    21371.110    21372.110    21376.110    21377.110
  1715:    21378.110    21379.110    21382.110    21383.110    21384.110
  1720:    21385.110    21390.110    21394.110    21395.110    21396.110
  1725:    21397.110    21400.110    21403.110    21409.110    21414.110
  1730:    21419.110    21420.110    21425.110    21429.110    21434.110
  1735:    21435.110    21442.110    21445.110    21445.210    21446.110
  1740:    21447.110    21448.110    21485.310    21785.510    21792.110
  1745:    21796.110    21797.110    21798.110    21805.110    21806.110
  1750:    21812.110    21814.110    21822.110    21823.110    21828.110
  1755:    21829.110    21833.110    21836.110    21837.110    21840.110
  1760:    21841.110    21841.210    21881.310    22181.510    22190.110
  1765:    22191.110    22192.110    22195.110    22196.110    22197.110
  1770:    22203.110    22204.110    22207.110    22208.110    22213.110
  1775:    22214.110    22219.110    22220.110    22224.110    22230.110
  1780:    22231.110    22232.110    22234.110    22235.110    22240.110
  1785:    22241.110    22245.110    22246.110    22250.110    22251.110
  1790:    22252.110    22256.110    22257.110    22258.110    22259.110
  1795:    22263.110    22264.110    22269.110    22271.110    22272.110
  1800:    22273.110    22274.110    22274.210    22314.310    22614.500
  1805:    22623.100    22626.100    22627.100    22628.100    22632.100
  1810:    22633.100    22637.100    22638.100    22643.100    22644.100
  1815:    22652.100    22653.100    22659.100    22660.100    22665.100
  1820:    22668.100    22669.100    22672.100    22679.100    22680.100
  1825:    22686.100    22687.100    22691.100    22694.100    22695.100
  1830:    22705.100    22706.100    22710.100    22711.100    22713.100
  1835:    22714.100    22715.100    22716.100    22720.100    22726.100
  1840:    22727.100    22730.100    22731.100    22732.100    22739.100
  1845:    22743.100    22744.100    22748.100    22749.100    22752.100
  1850:    22753.100    22757.100    22758.100    22762.100    22763.100
  1855:    22769.100    22775.100    22780.100    22781.100    22797.100
  1860:    22801.100    22802.100    22803.100    22804.100    22807.100
  1865:    22808.100    22814.100    22815.100    22822.100    22823.100
  1870:    22831.100    22832.100    22835.100    22836.100    22837.100
  1875:    22843.100    22844.100    22845.100    22852.100    22853.100
  1880:    22856.100    22857.100    22865.100    22866.100    22867.100
  1885:    22868.100    22869.100    22874.100    22875.100    22881.100
  1890:    22891.100    22898.100    22900.100    22901.100    22908.100
  1895:    22915.100    22917.100    22929.100    22930.100    22935.100
  1900:    22936.100    22942.100    22947.100    22948.100    22949.100
  1905:    22952.100    22953.100    22958.100    22963.100    22964.100
  1910:    22965.100    22968.100    22973.100    22974.100    22975.100
  1915:    22978.100    22979.100    22980.100    22984.100    22990.100
  1920:    22994.100    23000.100    23003.100    23004.100    23009.100
  1925:    23013.100    23014.100    23016.100    23022.100    23023.100
  1930:    23030.100    23031.100    23035.100    23036.100    23037.100
  1935:    23042.100    23043.100    23044.100    23048.100    23049.100
  1940:    23050.100    23051.100    23057.100    23065.100    23066.100
  1945:    23068.100    23069.100    23075.100    23076.100    23080.100
  1950:    23081.100    23086.100    23087.100    23088.100    23089.100
  1955:    23093.100    23094.100    23096.100    23102.100    23103.100
  1960:    23106.100    23107.100    23109.100    23115.100    23119.100
  1965:    23120.100    23124.100    23125.100    23126.100    23132.100
  1970:    23137.100    23138.100    23143.100    23149.100    23155.100
  1975:    23158.100    23159.100    23163.100    23164.100    23165.100
  1980:    23167.100    23168.100    23173.100    23177.100    23178.100
  1985:    23180.100    23184.100    23193.100    23198.100    23199.100
  1990:    23205.100    23208.100    23209.100    23213.100    23219.100
  1995:    23219.200    23220.100    23259.300    23559.510    23573.110
  2000:    23579.110    23582.110    23583.110    23588.110    23589.110
  2005:    23594.110    23596.110    23601.110    23602.110    23607.110
  2010:    23612.110    23614.110    23618.110    23619.110    23638.110
  2015:    23639.110    23647.110    23652.110    23658.110    23662.110
  2020:    23664.110    23665.110    23666.110    23669.110    23674.110
  2025:    23675.110    23677.110    23681.110    23682.110    23686.110
  2030:    23692.110    23693.110    23697.110    23698.110    23699.110
  2035:    23700.110    23701.110    23702.110    23703.110    23704.110
  2040:    23705.110    23706.110    23707.110    23713.110    23714.110
  2045:    23719.110    23721.110    23724.110    23725.110    23735.110
  2050:    23736.110    23741.110    23752.110    23753.110    23754.110
  2055:    23755.110    23757.110    23758.110    23759.110    23760.110
  2060:    23761.110    23762.110    23766.110    23767.110    23772.110
  2065:    23779.110    23780.110    23781.110    23786.110    23787.110
  2070:    23791.110    23792.110    23793.110    23797.110    23798.110
  2075:    23803.110    23804.110    23805.110    23806.110    23807.110
  2080:    23808.110    23811.110    23812.110    23813.110    23816.110
  2085:    23817.110    23828.110    23829.110    23830.110    23831.110
  2090:    23833.110    23834.110    23835.110    23840.110    23841.110
  2095:    23845.110    23852.110    23853.110    23858.110    23859.110
  2100:    23863.110    23864.110    23871.110    23872.110    23873.110
  2105:    23876.110    23877.110    23881.110    23882.110    23883.110
  2110:    23884.110    23885.110    23886.110    23887.110    23888.110
  2115:    23892.110    23893.110    23897.110    23898.110    23899.110
  2120:    23900.110    23905.110    23906.110    23907.110    23908.110
  2125:    23909.110    23914.110    23915.110    23919.110    23920.110
  2130:    23921.110    23922.110    23923.110    23924.110    23927.110
  2135:    23928.110    23932.110    23933.110    23938.110    23943.110
  2140:    23944.110    23945.110    23950.110    23955.110    23956.110
  2145:    23959.110    23960.110    23964.110    23965.110    23966.110
  2150:    23970.110    23975.110    23976.110    23981.110    23982.110
  2155:    23986.110    23987.110    23992.110    23997.110    23998.110
  2160:    24004.110    24005.110    24008.110    24009.110    24010.110
  2165:    24013.110    24014.110    24015.110    24019.110    24020.110
  2170:    24021.110    24024.110    24026.110    24029.110    24030.110
  2175:    24031.110    24032.110    24037.110    24038.110    24041.110
  2180:    24042.110    24045.110    24051.110    24057.110    24062.110
  2185:    24065.110    24066.110    24071.110    24072.110    24076.110
  2190:    24076.210    24077.110    24116.310    24416.500    24428.100
  2195:    24435.100    24445.100    24449.100    24450.100    24458.100
  2200:    24467.100    24468.100    24469.100    24473.100    24474.100
  2205:    24475.100    24478.100    24485.100    24492.100    24493.100
  2210:    24500.100    24506.100    24508.100    24508.200    24548.300
  2215:    24848.500    24857.100    24858.100    24870.100    24875.100
  2220:    24876.100    24880.100    24885.100    24886.100    24887.100
  2225:    24888.100    24894.100    24895.100    24898.100    24899.100
  2230:    24906.100    24909.100    24910.100    24911.100    24916.100
  2235:    24924.100    24929.100    24930.100    24933.100    24944.100
  2240:    24950.100    24951.100    24956.100    24957.100    24960.100
  2245:    24961.100    24963.100    24969.100    24973.100    24974.100
  2250:    24975.100    24982.100    24983.100    24986.100    24987.100
  2255:    24988.100    24993.100    24999.100    25000.100    25006.100
  2260:    25015.100    25016.100    25019.100    25020.100    25026.100
  2265:    25027.100    25028.100    25032.100    25033.100    25034.100
  2270:    25041.100    25042.100    25045.100    25046.100    25050.100
D:
     0:      121.000       17.000       47.000        1.000       48.000
     5:        2.000       72.000       57.000       41.000       58.000
    10:       49.000        1.000        3.000        1.000        3.000
    15:        3.000       46.000       22.000       46.000       24.000
    20:       36.000       35.000       19.000       35.000       20.000
    25:       48.000       12.000       49.000       14.000       34.000
    30:       43.000       44.000       43.000       44.000        3.000
    35:        8.000        3.000        4.000        3.000        7.000
    40:        4.000       36.000       36.000       52.000       54.000
    45:       53.000       55.000        3.000       55.000       17.000
    50:       58.000       17.000       38.000      191.000      192.000
    55:       19.000
E:
     0:     2275.000     1091.000     1014.000        0.000        0.000
     5:        0.000
F:
     0:    25050.000        0.000        0.000
H:
     0:        1.000        1.000        1.000        0.000        0.000
     5:        1.000        1.000        1.000        0.000        1.000
    10:        1.000        1.000        0.000        0.000        0.000
    15:        1.000        1.000        0.000        0.000        0.000
    20:        1.000        1.000        0.000        0.000        1.000
    25:        1.000        0.000        0.000        0.000        1.000
    30:        0.000        0.000        0.000        1.000        1.000
    35:        0.000        1.000        1.000        1.000        0.000
    40:        1.000        0.000        1.000        0.000        0.000
    45:        0.000        1.000        1.000        1.000        0.000
    50:        0.000        0.000        1.000        0.000        1.000
    55:        1.000        1.000        0.000        0.000        0.000
K:
     0:       34.000        7.000       14.000        1.000       20.000
     5:       16.000       10.000       15.000        1.000        1.000
    10:       13.000        6.000       11.000        5.000       16.000
    15:        3.000       12.000        5.000        2.000        2.000
    20:        2.000        4.000       11.000       16.000        1.000
    25:       15.000        6.000       60.000        9.000       20.000
M:
     0:       27.000       30.000        0.000
O:
     0:       30.000       27.000        0.000
